126000001
126000002
126000003
126000004
126000005
126000006
126000007
126000008
126000009
126000010
126000011
126000012
126000013
126000014
126000015
126000016
126000017
126000018
126000019
126000020
126000021
126000022
126000023
126000024
126000025
126000026
126000027
126000028
126000029
126000030
126000031
126000032
126000033
126000034
126000035
126000036
126000037
126000038
126000039
126000040
126000041
126000042
126000043
126000044
126000045
126000046
126000047
126000048
126000049
126000050
126000051
126000052
126000053
126000054
126000055
126000056
126000057
126000058
126000059
126000060
126000061
126000062
126000064
126000065
126000066
126000067
126000068
126000069
126000070
126000071
126000072
126000073
126000074
126000075
126000076
126000077
126000078
126000079
126000080
126000081
126000083
126000084
126000085
126000086
126000087
126000088
126000089
126000090
126000091
126000092
126000093
126000094
126000095
126000096
126000097
126000098
126000099
126000100
126000101
126000102
126000103
126000104
126000105
126000106
126000107
126000108
126000109
126000110
126000111
126000112
126000113
126000114
126000115
126000116
126000117
126000118
126000119
126000120
126000121
126000122
126000123
126000124
126000125
126000126
126000127
126000128
126000129
126000130
126000131
126000132
126000133
126000134
126000135
126000136
126000137
126000138
126000139
126000140
126000141
126000143
126000144
126000145
126000146
126000147
126000148
126000149
126000150
126000151
126000152
126000153
126000154
126000155
126000156
126000157
126000158
126000159
126000160
126000161
126000162
126000163
126000164
126000165
126000166
126000167
126000168
126000169
126000170
126000171
126000172
126000173
126000174
126000176
126000177
126000178
126000179
126000180
126000181
126000182
126000183
126000184
126000185
126000186
126000187
126000188
126000189
126000190
126000191
126000192
126000193
126000194
126000195
126000196
126000197
126000198
126000199
126000200
126000201
126000202
126000203
126000204
126000205
126000206
126000207
126000208
126000209
126000210
126000211
126000212
126000213
126000214
126000215
126000216
126000217
126000218
126000219
126000220
126000221
126000222
126000223
126000224
126000225
126000226
126000227
126000229
126000230
126000231
126000232
126000233
126000234
126000235
126000236
126000237
126000238
126000239
126000240
126000242
126000243
126000244
126000247
126000248
126000249
126000250
126000251
126000253
126000254
126000255
126000256
126000257
126000258
126000259
126000260
126000261
126000262
126000263
126000264
126000265
126000266
126000267
126000268
126000269
126000270
126000271
126000272
126000273
126000274
126000275
126000276
126000277
126000278
126000279
126000280
126000281
126000282
126000283
126000284
126000285
126000286
126000287
126000288
126000289
126000290
126000291
126000292
126000293
126000295
126000296
126000297
126000298
126000299
126000300
126000301
126000302
126000303
126000304
126000305
126000306
126000307
126000308
126000309
126000310
126000311
126000312
126000313
126000314
126000315
126000316
126000317
126000318
126000319
126000320
126000321
126000322
126000323
126000324
126000325
126000326
126000327
126000328
126000329
126000330
126000331
126000332
126000333
126000334
126000335
126000336
126000337
126000338
126000339
126000340
126000341
126000342
126000343
126000344
126000345
126000346
126000347
126000348
126000349
126000350
126000351
126000352
126000353
126000354
126000355
126000356
126000357
126000358
126000359
126000360
126000361
126000362
126000363
126000364
126000365
126000366
126000367
126000368
126000369
126000370
126000371
126000372
126000373
126000374
126000375
126000376
126000377
126000378
126000379
126000380
126000381
126000382
126000383
126000384
126000385
126000386
126000387
126000388
126000389
126000390
126000391
126000392
126000393
126000394
126000396
126000397
126000398
126000399
126000400
126000401
126000402
126000403
126000404
126000405
126000406
126000407
126000395
126000409
126000410
126000411
126000412
126000413
126000414
126000415
126000416
126000417
126000418
126000419
126000420
126000421
126000422
126000423
126000424
126000425
126000426
126000427
126000428
126000429
126000430
126000431
126000432
126000433
126000434
126000435
126000436
126000437
126000438
126000439
126000440
126000441
126000442
126000443
126000444
126000445
126000446
126000447
126000448
126000449
126000450
126000451
126000452
126000453
126000454
126000455
126000456
126000457
126000458
126000459
126000460
126000461
126000462
126000463
126000464
126000465
126000466
126000467
126000468
126000469
126000470
126000471
126000472
126000473
126000474
126000475
126000476
126000477
126000478
126000479
126000480
126000481
126000482
126000483
126000484
126000485
126000486
126000487
126000488
126000489
126000490
126000491
126000492
126000493
126000494
126000495
126000496
126000497
126000498
126000499
126000500
126000501
126000502
126000503
126000504
126000505
126000506
126000507
126000508
126000509
126000510
126000511
126000512
126000513
126000514
126000515
126000516
126000517
126000518
126000519
126000520
126000521
126000522
126000523
126000524
126000525
126000526
126000527
126000528
126000529
126000530
126000531
126000532
126000533
126000534
126000535
126000536
126000537
126000538
126000539
126000540
126000541
126000542
126000543
126000544
126000545
126000546
126000547
126000548
126000549
126000550
126000551
126000552
126000553
126000554
126000555
126000556
126000557
126000558
126000559
126000560
126000561
126000562
126000563
126000564
126000565
126000566
126000567
126000568
126000569
126000570
126000571
126000573
126000574
126000575
126000576
126000577
126000578
126000579
126000580
126000581
126000582
126000583
126000584
126000585
126000586
126000587
126000588
126000589
126000590
126000591
126000592
126000593
126000594
126000595
126000596
126000597
126000598
126000599
126000600
126000601
126000602
126000603
126000604
126000605
126000606
126000607
126000608
126000609
126000610
126000611
126000612
126000613
126000614
126000618
126000619
126000620
126000621
126000622
126000623
126000624
126000625
126000626
126000627
126000628
126000629
126000630
126000631
126000632
126000633
126000634
126000635
126000636
126000637
126000638
126000639
126000640
126000641
126000642
126000643
126000644
126000645
126000646
126000647
126000648
126000649
126000650
126000651
126000652
126000653
126000654
126000655
126000656
126000657
126000658
126000659
126000660
126000661
126000662
126000663
126000664
126000665
126000666
126000667
126000668
126000669
126000671
126000672
126000673
126000674
126000675
126000676
126000677
126000678
126000679
126000680
126000682
126000683
126000684
126000685
126000686
126000687
126000688
126000689
126000690
126000691
126000693
126000694
126000695
126000696
126000697
126000698
126000699
126000700
126000701
126000702
126000703
126000704
126000705
126000706
126000707
126000708
126000709
126000710
126000711
126000712
126000713
126000714
126000715
126000716
126000717
126000718
126000719
126000720
126000721
126000722
126000723
126000706
126000725
126000726
126000727
126000728
126000729
126000730
126000731
126000732
126000733
126000734
126000735
126000736
126000737
126000738
126000739
126000740
126000741
126000742
126000743
126000744
126000745
126000746
126000747
126000748
126000749
126000750
126000751
126000752
126000753
126000754
126000755
126000756
126000757
126000758
126000759
126000760
126000761
126000762
126000763
126000764
126000765
126000766
126000767
126000768
126000769
126000770
126000771
126000772
126000773
126000774
126000775
126000776
126000777
126000778
126000779
126000781
126000782
126000783
126000784
126000785
126000786
126000782
126000787
126000788
126000789
126000790
126000791
126000792
126000793
126000794
126000795
126000796
126000797
126000798
126000799
126000800
126000801
126000802
126000803
126000804
126000805
126000806
126000807
126000808
126000809
126000810
126000811
126000812
126000813
126000814
126000815
126000816
126000817
126000818
126000819
126000820
126000821
126000822
126000823
126000824
126000825
126000826
126000820
126000827
126000828
126000829
126000830
126000831
126000832
126000833
126000834
126000835
126000836
126000837
126000838
126000839
126000840
126000841
126000842
126000843
126000844
126000845
126000846
126000847
126000848
126000849
126000850
126000851
126000852
126000853
126000854
126000855
126000856
126000857
126000841
126000842
126000858
126000859
126000860
126000861
126000862
126000863
126000864
126000865
126000866
126000867
126000868
126000869
126000870
126000871
126000872
126000873
126000874
126000875
126000876
126000877
126000879
126000880
126000881
126000882
126000883
126000884
126000885
126000886
126000887
126000888
126000889
126000890
126000891
126000882
126000893
126000894
126000895
126000896
126000897
126000899
126000900
126000915
126000902
126000903
126000904
126000905
126000906
126000907
126000908
126000909
126000910
126000911
126000912
126000913
126000914
126000915
126000916
126000917
126000918
126000919
126000920
126000921
126000922
126000923
126000924
126000925
126000926
126000927
126000928
126000929
126000930
126000931
126000932
126000933
126000934
126000935
126000936
126000937
126000938
126000939
126000940
126000941
126000942
126000943
126000944
126000945
126000946
126000947
126000948
126000949
126000950
126000952
126000953
126000954
126000955
126000956
126000957
126000958
126000959
126000960
126000961
126000962
126000963
126000964
126000965
126000966
126000967
126000968
126000969
126000970
126000971
126000972
126000973
126000974
126000975
126000976
126000977
126000978
126000979
126000980
126000981
126000982
126000983
126000984
126000985
126000986
126000987
126000988
126000989
126000990
126000991
126000992
126000993
126000994
126000995
126000996
126000997
126000998
126000999
126001000
126001000
126001001
126001002
126001003
126001004
126001005
126001006
126001007
126001008
126001009
126001010
126001011
126001012
126001013
126001014
126001015
126001016
126001017
126001018
126001019
126001020
126001021
126001022
126001023
126001024
126001025
126001026
126001027
126001028
126001029
126001030
126001031
126001032
126001033
126001034
126001035
126001036
126001037
126001038
126001039
126001040
126001041
126001042
126001043
126001044
126001045
126001046
126001047
126001048
126001049
126001050
126001051
126001052
126001053
126001053
126001055
126001055
126001056
126001057
126001058
126001059
126001060
126001061
126001062
126001063
126001064
126001065
126001066
126001067
126001068
126001069
126001070
126001071
126001072
126001074
126001075
126001076
126001077
126001078
126001079
126001080
126001081
126001082
126001083
126001084
126001085
126001086
126001087
126001088
126001089
126001090
126001091
126001092
126001093
126001094
126001095
126001096
126001097
126001098
126001099
126001100
126001101
126001102
126001103
126001104
126001105
126001106
126001107
126001108
126001109
126001110
126001111
126001112
126001113
126001114
126001115
126001116
126001117
126001119
126001120
126001121
126001122
126001123
126001124
126001125
126001126
126001127
126001128
126001129
126001130
126001131
126001132
126001126
126001136
126001137
126001138
126001139
126001140
126001141
126001142
126001143
126001144
126001145
126001146
126001147
126001148
126001149
126001150
126001151
126001152
126001153
126001154
126001155
126001156
126001157
126001158
126001159
126001160
126001161
126001162
126001163
126001164
126001165
126001166
126001145
126001149
126001168
126001169
126001170
126001171
126001172
126001173
126001174
126001175
126001176
126001177
126001178
126001179
126001180
126001181
126001182
126001183
126001184
126001185
126001186
126001187
126001188
126001189
126001190
126001191
126001192
126001193
126001195
126001196
126001197
126001198
126001199
126001200
126001201
126001202
126001203
126001204
126001205
126001206
126001207
126001208
126001209
126001210
126001211
126001212
126001213
126001214
126001215
126001216
126001217
126001218
126001220
126001221
126001222
126001223
126001224
126001225
126001226
126001227
126001228
126001229
126001230
126001231
126001232
126001233
126001234
126001235
126001236
126001237
126001238
126001239
126001240
126001241
126001242
126001243
126001244
126001245
126001246
126001247
126001248
126001249
126001250
126001251
126001252
126001254
126001255
126001256
126001257
126001258
126001259
126001260
126001261
126001262
126001263
126001264
126001265
126001266
126001267
126001268
126001269
126001271
126001272
126001273
126001274
126001275
126001276
126001277
126001278
126001279
126001280
126001281
126001282
126001283
126001284
126001285
126001286
126001287
126001288
126001289
126001290
126001291
126001292
126001293
126001294
126001295
126001296
126001297
126001298
126001299
126001300
126001301
126001302
126001303
126001304
126001305
126001306
126001307
126001308
126001309
126001310
126001311
126001312
126001313
126001314
126001315
126001316
126001317
126001318
126001319
126001320
126001321
126001322
126001323
126001324
126001325
126001326
126001327
126001328
126001329
126001330
126001331
126001332
126001333
126001334
126001335
126001338
126001339
126001340
126001341
126001342
126001343
126001344
126001346
126001347
126001348
126001349
126001350
126001351
126001352
126001353
126001354
126001355
126001357
126001359
126001360
126001361
126001362
126001363
126001364
126001366
126001367
126001368
126001369
126001371
126001372
126001373
126001374
126001375
126001376
126001377
126001378
126001379
126001380
126001381
126001382
126001384
126001385
126001386
126001387
126001388
126001389
126001390
126001391
126001392
126001393
126001394
126001395
126001396
126001397
126001398
126001399
126001400
126001401
126001402
126001403
126001404
126001405
126001406
126001407
126001408
126001409
126001410
126001411
126001412
126001413
126001414
126001415
126001416
126001417
126001418
126001419
126001420
126001421
126001422
126001423
126001424
126001425
126001426
126001427
126001428
126001429
126001430
126001431
126001432
126001433
126001434
126001435
126001436
126001437
126001438
126001439
126001440
126001441
126001442
126001443
126001444
126001445
126001446
126001447
126001448
126001449
126001450
126001451
126001452
126001453
126001454
126001455
126001456
126001457
126001458
126001459
126001460
126001461
126001462
126001463
126001464
126001465
126001466
126001467
126001468
126001469
126001470
126001471
126001472
126001473
126001474
126001475
126001476
126001477
126001478
126001479
126001480
126001481
126001482
126001483
126001484
126001485
126001486
126001487
126001488
126001489
126001490
126001491
126001492
126001493
126001494
126001495
126001496
126001498
126001499
126001500
126001501
126001502
126001503
126001504
126001505
126001506
126001507
126001508
126001509
126001510
126001511
126001512
126001513
126001514
126001515
126001516
126001517
126001518
126001519
126001520
126001521
126001522
126001523
126001524
126001525
126001526
126001527
126001528
126001529
126001530
126001531
126001532
126001533
126001534
126001535
126001536
126001537
126001538
126001539
126001540
126001541
126001542
126001543
126001544
126001545
126001547
126001548
126001549
126001550
126001551
126001553
126001554
126001555
126001556
126001557
126001558
126001559
126001560
126001561
126001562
126001563
126001564
126001565
126001566
126001567
126001568
126001569
126001570
126001571
126001572
126001573
126001574
126001575
126001576
126001577
126001578
126001579
126001580
126001581
126001582
126001583
126001584
126001585
126001586
126001587
126001588
126001589
126001590
126001591
126001592
126001593
126001594
126001595
126001596
126001597
126001598
126001599
126001600
126001601
126001602
126001603
126001604
126001605
126001606
126001607
126001608
126001609
126001610
126001611
126001612
126001613
126001614
126001615
126001616
126001617
126001618
126001619
126001620
126001621
126001622
126001623
126001624
126001625
126001626
126001627
126001628
126001629
126001630
126001631
126001632
126001633
126001634
126001635
126001636
126001637
126001638
126001639
126001640
126001641
126001642
126001643
126001644
126001645
126001646
126001647
126001648
126001649
126001651
126001652
126001653
126001654
126001655
126001656
126001657
126001658
126001659
126001660
126001661
126001662
126001664
126001665
126001666
126001667
126001668
126001669
126001670
126001671
126001672
126001673
126001674
126001675
126001676
126001677
126001678
126001679
126001680
126001681
126001682
126001683
126001684
126001685
126001686
126001687
126001688
126001689
126001690
126001691
126001692
126001693
126001694
126001695
126001696
126001697
126001698
126001699
126001700
126001701
126001702
126001704
126001705
126001707
126001709
126001710
126001711
126001712
126001713
126001714
126001716
126001717
126001718
126001719
126001720
126001721
126001722
126001723
126001724
126001725
126001726
126001727
126001728
126001729
126001730
126001731
126001732
126001733
126001734
126001735
126001736
126001737
126001738
126001739
126001740
126001741
126001742
126001743
126001744
126001745
126001746
126001747
126001748
126001749
126001750
126001751
126001752
126001753
126001754
126001755
126001756
126001757
126001758
126001759
126001760
126001761
126001762
126001763
126001764
126001765
126001766
126001767
126001768
126001769
126001770
126001771
126001772
126001773
126001774
126001775
126001776
126001777
126001778
126001779
126001780
126001781
126001782
126001783
126001784
126001785
126001786
126001787
126001788
126001789
126001790
126001791
126001792
126001793
126001794
126001795
126001796
126001797
126001798
126001799
126001800
126001801
126001802
126001803
126001804
126001805
126001806
126001807
126001808
126001809
126001810
126001811
126001812
126001813
126001814
126001815
126001816
126001817
126001818
126001819
126001820
126001821
126001822
126001823
126001824
126001825
126001826
126001827
126001828
126001829
126001830
126001831
126001832
126001833
126001834
126001835
126001836
126001837
126001838
126001839
126001840
126001841
126001842
126001843
126001844
126001845
126001846
126001847
126001848
126001849
126001850
126001851
126001852
126001853
126001854
126001855
126001856
126001857
126001858
126001859
126001860
126001861
126001862
126001863
126001864
126001865
126001866
126001867
126001868
126001869
126001870
126001871
126001872
126001873
126001874
126001875
126001876
126001877
126001878
126001879
126001880
126001881
126001882
126001883
126001884
126001885
126001886
126001887
126001888
126001889
126001890
126001891
126001892
126001893
126001894
126001895
126001896
126001897
126001898
126001899
126001900
126001901
126001902
126001903
126001904
126001905
126001906
126001907
126001908
126001909
126001910
126001911
126001912
126001913
126001914
126001915
126001916
126001917
126001918
126001919
126001920
126001921
126001922
126001923
126001924
126001925
126001926
126001927
126001928
126001929
126001930
126001931
126001932
126001933
126001934
126001935
126001936
126001937
126001938
126001939
126001940
126001941
126001942
126001943
126001944
126001945
126001946
126001947
126001948
126001949
126001950
126001951
126001952
126001953
126001954
126001955
126001956
126001957
126001958
126001959
126001960
126001961
126001962
126001963
126001964
126001965
126001966
126001967
126001968
126001969
126001970
126001971
126001972
126001973
126001974
126001975
126001976
126001977
126001978
126001979
126001980
126001981
126001982
126001983
126001984
126001985
126001986
126001987
126001988
126001989
126001990
126001991
126001992
126001965
126001993
126001994
126001995
126001996
126001997
126001998
126001999
126002000
126002001
126002002
126002003
126002004
126002005
126002006
126002007
126002008
126002009
126002010
126002011
126002012
126002013
126002014
126002015
126002016
126002017
126002018
126002019
126002020
126002021
126002022
126002023
126002024
126002025
126002026
126002028
126002029
126002030
126002031
126002032
126002033
126002034
126002035
126002036
126002037
126002038
126002039
126002040
126002041
126002042
126002043
126002044
126002045
126002046
126002047
126002048
126002049
126002050
126002051
126002052
126002053
126002054
126002055
126002056
126002057
126002058
126002059
126002060
126002061
126002062
126002063
126002064
126002065
126002066
126002067
126002068
126002069
126002070
126002071
126002072
126002073
126002074
126002075
126002076
126002077
126002078
126002079
126002080
126002081
126002082
126002083
126002084
126002085
126002086
126002087
126002088
126002089
126002090
126002091
126002092
126002093
126002095
126002096
126002097
126002098
126002099
126002100
126002101
126002102
126002103
126002104
126002105
126002106
126002107
126002108
126002109
126002110
126002111
126002112
126002113
126002114
126002115
126002116
126002117
126002118
126002119
126002120
126002121
126002122
126002123
126002124
126002125
126002126
126002127
126002128
126002129
126002130
126002131
126002132
126002133
126002134
126002135
126002136
126002137
126002138
126002139
126002097
126002141
126002142
126002143
126002144
126002145
126002146
126002147
126002148
126002149
126002150
126002151
126002152
126002154
126002155
126002156
126002157
126002158
126002159
126002160
126002162
126002163
126002164
126002165
126002166
126002167
126002168
126002169
126002170
126002171
126002172
126002173
126002174
126002165
126002175
126002177
126002178
126002179
126002180
126002181
126002183
126002184
126002185
126002186
126002187
126002188
126002189
126002190
126002191
126002192
126002193
126002194
126002195
126002196
126002197
126002198
126002199
126002200
126002202
126002204
126002205
126002206
126002207
126002208
126002209
126002210
126002211
126002212
126002213
126002214
126002215
126002216
126002217
126002218
126002219
126002220
126002221
126002222
126002223
126002224
126002225
126002226
126002227
126002228
126002229
126002230
126002231
126002232
126002233
126002234
126002235
126002236
126002237
126002238
126002239
126002240
126002241
126002242
126002243
126002244
126002245
126002246
126002248
126002249
126002250
126002251
126002252
126002253
126002254
126002255
126002256
126002257
126002258
126002259
126002260
126002261
126002262
126002263
126002264
126002265
126002266
126002267
126002268
126002269
126002270
126002271
126002272
126002273
126002274
126002275
126002276
126002277
126002278
126002279
126002280
126002281
126002282
126002283
126002284
126002285
126002286
126002287
126002288
126002289
126002290
126002291
126002292
126002293
126002294
126002295
126002296
126002298
126002299
126002300
126002301
126002302
126002303
126002304
126002305
126002306
126002307
126002308
126002309
126002310
126002311
126002312
126002314
126002315
126002316
126002317
126002318
126002319
126002320
126002321
126002322
126002323
126002324
126002325
126002326
126002327
126002328
126002329
126002330
126002331
126002332
126002333
126002334
126002335
126002336
126002337
126002338
126002339
126002340
126002341
126002342
126002343
126002344
126002345
126002346
126002347
126002348
126002349
126002350
126002351
126002352
126002353
126002354
126002355
126002356
126002357
126002358
126002359
126002360
126002361
126002362
126002363
126002364
126002365
126002366
126002367
126002368
126002369
126002370
126002371
126002372
126002373
126002374
126002375
126002377
126002378
126002379
126002380
126002381
126002382
126002383
126002384
126002385
126002386
126002387
126002388
126002389
126002391
126002392
126002394
126002395
126002396
126002397
126002398
126002399
126002400
126002401
126002402
126002403
126002404
126002405
126002406
126002407
126002408
126002409
126002410
126002411
126002412
126002413
126002415
126002416
126002417
126002418
126002419
126002420
126002421
126002422
126002423
126002424
126002425
126002426
126002427
126002429
126002430
126002431
126002432
126002433
126002434
126002435
126002436
126002437
126002438
126002439
126002440
126002441
126002442
126002443
126002444
126002445
126002446
126002447
126002449
126002450
126002451
126002452
126002453
126002454
126002455
126002456
126002457
126002458
126002459
126002460
126002461
126002462
126002463
126002464
126002465
126002466
126002467
126002468
126002469
126002470
126002471
126002472
126002473
126002474
126002475
126002477
126002479
126002480
126002481
126002483
126002484
126002485
126002486
126002487
126002488
126002489
126002491
126002492
126002493
126002494
126002495
126002496
126002497
126002498
126002499
126002500
126002501
126002502
126002503
126002504
126002505
126002506
126002507
126002508
126002509
126002510
126002511
126002512
126002513
126002514
126002515
126002516
126002517
126002518
126002519
126002520
126002523
126002524
126002525
126002526
126002527
126002528
126002529
126002530
126002531
126002532
126002533
126002534
126002535
126002536
126002537
126002538
126002539
126002540
126002541
126002542
126002543
126002544
126002545
126002546
126002547
126002548
126002549
126002550
126002552
126002553
126002554
126002555
126002556
126002557
126002558
126002559
126002560
126002561
126002562
126002563
126002564
126002565
126002567
126002568
126002569
126002570
126002571
126002572
126002573
126002574
126002575
126002576
126002577
126002578
126002579
126002580
126002581
126002582
126002583
126002584
126002587
126002588
126002589
126002590
126002591
126002593
126002594
126002595
126002597
126002598
126002599
126002600
126002601
126002602
126002603
126002604
126002605
126002606
126002607
126002608
126002609
126002610
126002611
126002612
126002613
126002614
126002615
126002616
126002617
126002618
126002619
126002620
126002621
126002622
126002623
126002624
126002625
126002626
126002627
126002628
126002629
126002630
126002631
126002632
126002633
126002634
126002635
126002636
126002637
126002638
126002639
126002640
126002641
126002642
126002643
126002645
126002646
126002647
126002648
126002649
126002650
126002651
126002653
126002654
126002655
126002656
126002657
126002658
126002660
126002661
126002662
126002663
126002664
126002665
126002667
126002668
126002669
126002670
126002672
126002673
126002674
126002675
126002676
126002677
126002678
126002679
126002680
126002681
126002683
126002684
126002685
126002687
126002688
126002689
126002690
126002691
126002692
126002693
126002694
126002695
126002696
126002697
126002698
126002699
126002700
126002701
126002702
126002703
126002704
126002705
126002706
126002707
126002708
126002709
126002710
126002711
126002712
126002714
126002715
126002716
126002717
126002718
126002719
126002720
126002722
126002723
126002724
126002725
126002726
126002727
126002729
126002730
126002731
126002732
126002733
126002734
126002735
126002736
126002737
126002738
126002739
126002740
126002741
126002742
126002743
126002744
126002745
126002746
126002747
126002748
126002749
126002750
126002751
126002752
126002753
126002754
126002755
126002756
126002757
126002758
126002759
126002760
126002761
126002762
126002763
126002764
126002765
126002766
126002768
126002769
126002770
126002771
126002772
126002773
126002774
126002775
126002776
126002777
126002778
126002779
126002780
126002781
126002782
126002783
126002784
126002785
126002786
126002787
126002788
126002789
126002790
126002791
126002792
126002793
126002794
126002795
126002796
126002797
126002798
126002799
126002800
126002801
126002802
126002803
126002804
126002805
126002806
126002807
126002808
126002809
126002810
126002811
126002812
126002813
126002814
126002816
126002817
126002818
126002819
126002820
126002821
126002822
126002823
126002824
126002825
126002826
126002827
126002828
126002829
126002830
126002831
126002832
126002833
126002835
126002836
126002837
126002838
126002839
126002840
126002841
126002842
126002843
126002844
126002846
126002847
126002848
126002849
126002851
126002852
126002853
126002854
126002855
126002856
126002857
126002858
126002859
126002860
126002861
126002862
126002863
126002864
126002865
126002866
126002867
126002868
126002869
126002870
126002871
126002872
126002873
126002874
126002875
126002876
126002877
126002878
126002879
126002881
126002882
126002883
126002884
126002885
126002886
126002887
126002888
126002889
126002890
126002891
126002892
126002893
126002897
126002900
126002901
126002902
126002903
126002904
126002905
126002906
126002907
126002908
126002909
126002910
126002911
126002912
126002913
126002914
126002915
126002916
126002917
126002918
126002919
126002920
126002921
126002922
126002923
126002924
126002925
126002926
126002927
126002928
126002929
126002930
126002931
126002932
126002933
126002934
126002935
126002936
126002937
126002938
126002939
126002940
126002941
126002942
126002943
126002944
126002945
126002946
126002947
126002948
126002949
126002950
126002952
126002953
126002954
126002956
126002957
126002958
126002959
126002960
126002961
126002962
126002963
126002964
126002965
126002966
126002967
126002968
126002969
126002970
126002971
126002972
126002973
126002975
126002976
126002977
126002978
126002979
126002980
126002981
126002982
126002983
126002984
126002985
126002986
126002987
126002988
126002989
126002990
126002991
126002992
126002993
126002994
126002995
126002996
126002997
126002998
126002999
126003000
126003001
126003002
126003003
126003004
126003005
126003006
126003007
126003008
126003009
126003010
126003011
126003012
126003013
126003014
126003015
126003016
126003017
126003018
126003019
126003020
126003021
126003022
126003023
126003024
126003025
126003026
126003027
126003028
126003030
126003031
126003032
126003033
126003034
126003035
126003036
126003037
126003038
126003039
126003040
126003041
126003042
126003043
126003044
126003045
126003046
126003048
126003049
126003050
126003051
126003052
126003053
126003054
126003055
126003056
126003057
126003058
126003059
126003060
126003061
126003062
126003063
126003065
126003066
126003067
126003068
126003069
126003070
126003071
126003072
126003073
126003074
126003075
126003077
126003078
126003079
126003080
126003081
126003082
126003083
126003084
126003085
126003086
126003087
126003088
126003089
126003090
126003091
126003092
126003095
126003096
126003097
126003098
126003099
126003100
126003101
126003102
126003103
126003104
126003105
126003106
126003107
126003108
126003109
126003110
126003111
126003112
126003113
126003114
126003115
126003116
126003117
126003118
126003119
126003120
126003121
126003122
126003123
126003124
126003125
126003126
126003127
126003128
126003129
126003130
126003131
126003132
126003133
126003134
126003135
126002732
126003137
126003138
126003139
126003140
126003142
126003143
126003144
126003145
126003146
126003147
126003148
126003150
126003151
126003152
126003153
126003154
126003155
126003156
126003157
126003158
126003159
126003160
126003161
126003162
126003163
126003164
126003165
126003166
126003167
126003168
126003169
126003170
126003171
126003172
126003173
126003174
126003175
126003176
126003177
126003178
126003179
126003180
126003181
126003182
126003183
126003184
126003185
126003186
126003188
126003189
126003190
126003191
126003192
126003193
126003194
126003195
126003196
126003197
126003198
126003199
126003200
126003201
126003202
126003203
126003204
126003205
126003206
126003208
126003209
126003210
126003211
126003212
126003213
126003214
126003215
126003216
126003217
126003218
126003219
126003220
126003222
126003223
126003224
126003225
126003226
126003227
126003228
126003231
126003232
126003233
126003234
126003235
126003237
126003238
126003239
126003240
126003241
126003242
126003243
126003244
126003245
126003246
126003248
126003249
126003250
126003251
126003252
126003253
126003254
126003255
126003256
126003257
126003258
126003259
126003260
126003261
126003262
126003263
126003264
126003265
126003266
126003268
126003271
126003272
126003274
126003275
126003276
126003277
126003278
126003279
126003280
126003281
126003282
126003283
126003284
126003285
126003286
126003287
126003288
126003289
126003290
126003291
126003292
126003293
126003294
126003296
126003297
126003298
126003299
126003300
126003301
126003302
126003303
126003304
126003305
126003306
126003307
126003308
126003309
126003310
126003311
126003312
126003313
126003314
126003315
126003316
126003317
126003318
126003319
126003321
126003322
126003323
126003324
126003326
126003327
126003328
126003329
126003330
126003331
126003332
126003333
126003334
126003335
126003336
126003337
126003338
126003339
126003340
126003341
126003342
126003343
126003344
126003345
126003347
126003348
126003349
126003350
126003351
126003352
126003353
126003354
126003355
126003356
126003357
126003358
126003359
126003360
126003361
126003362
126003363
126003364
126003365
126003366
126003367
126003369
126003370
126003371
126003372
126003373
126003375
126003376
126003377
126003378
126003379
126003380
126003381
126003382
126003383
126003384
126003385
126003386
126003387
126003388
126003389
126003390
126003391
126003394
126003395
126003396
126003397
126003398
126003400
126003401
126003402
126003403
126003404
126003406
126003407
126003408
126003409
126003410
126003414
126003415
126003416
126003417
126003418
126003420
126003421
126003422
126003423
126003424
126003425
126003426
126003427
126003428
126003429
126003430
126003431
126003432
126003433
126003435
126003436
126003437
126003438
126003439
126003440
126003441
126003442
126003443
126003444
126003445
126003446
126003447
126003448
126003449
126003450
126003451
126003452
126003453
126003454
126003455
126003456
126003457
126003458
126003460
126003462
126003463
126003464
126003465
126003466
126003467
126003468
126003469
126003470
126003472
126003474
126003475
126003476
126003477
126003478
126003479
126003480
126003481
126003482
126003483
126003484
126003485
126003486
126003487
126003488
126003489
126003490
126003491
126003492
126003494
126003496
126003497
126003498
126003499
126003500
126003501
126003502
126003503
126003504
126003505
126003506
126003507
126003508
126003509
126003510
126003511
126003512
126003513
126003514
126003515
126003516
126003517
126003518
126003522
126003523
126003524
126003525
126003526
126003528
126003529
126003530
126003531
126003532
126003533
126003534
126003536
126003537
126003538
126003539
126003540
126003541
126003543
126003544
126003546
126003547
126003548
126003549
126003551
126003552
126003553
126003554
126003555
126003556
126003557
126003558
126003559
126003560
126003561
126003562
126003563
126003564
126003565
126003567
126003568
126003569
126003570
126003571
126003572
126003573
126003574
126003575
126003576
126003577
126003578
126003579
126003580
126003582
126003583
126003584
126003585
126003587
126003588
126003589
126003590
126003592
126003594
126003595
126003596
126003597
126003598
126003599
126003600
126003602
126003603
126003604
126003605
126003606
126003608
126003609
126003610
126003611
126003613
126003614
126003615
126003616
126003617
126003618
126003619
126003620
126003621
126003622
126003623
126003624
126003625
126003626
126003627
126003628
126003630
126003631
126003632
126003633
126003634
126003635
126003637
126003638
126003639
126003640
126003641
126003642
126003643
126003644
126003645
126003646
126003647
126003648
126003649
126003650
126003651
126003652
126003654
126003655
126003656
126003658
126003659
126003660
126003661
126003664
126003665
126003666
126003667
126003668
126003669
126003670
126003671
126003672
126003673
126003674
126003676
126003677
126003678
126003679
126003680
126003681
126003682
126003684
126003686
126003687
126003688
126003689
126003690
126003691
126003692
126003693
126003695
126003696
126003698
126003699
126003700
126003702
126003703
126003704
126003705
126003706
126003708
126003709
126003710
126003711
126003712
126003714
126003715
126003716
126003717
126003718
126003719
126003720
126003721
126003722
126003723
126003724
126003725
126003726
126003728
126003729
126003730
126003731
126003732
126003733
126003734
126003735
126003736
126003737
126003738
126003739
126003740
126003741
126003742
126003743
126003744
126003748
126003749
126003750
126003751
126003752
126003754
126003756
126003757
126003758
126003759
126003760
126003761
126003763
126003764
126003765
126003766
126003767
126003769
126003772
126003774
126003775
126003776
126003777
126003778
126003781
126003782
126003783
126003784
126003785
126003786
126003788
126003789
126003790
126003791
126003793
126003794
126003795
126003796
126003797
126003798
126003799
126003800
126003801
126003802
126003803
126003806
126003807
126003808
126003809
126003810
126003811
126003812
126003814
126003815
126003816
126003817
126003818
126003819
126003820
126003821
126003822
126003823
126003824
126003826
126003827
126003828
126003830
126003831
126003832
126003833
126003834
126003835
126003836
126003838
126003839
126003842
126003844
126003845
126003846
126003848
126003849
126003851
126003853
126003854
126003857
126003858
126003859
126003860
126003861
126003862
126003863
126003864
126003865
126003866
126003867
126003869
126003871
126003872
126003873
126003876
126003877
126003878
126003879
126003880
126003881
126003882
126003883
126003884
126003885
126003886
126003887
126003888
126003889
126003890
126003891
126003894
126003896
126003897
126003898
126003900
126003901
126003902
126003903
126003904
126003905
126003906
126003907
126003908
126003909
126003910
126003911
126003912
126003914
126003916
126003917
126003918
126003919
126003920
126003921
126003922
126003923
126003925
126003926
126003929
126003930
126003931
126003932
126003933
126003934
126003935
126003936
126003937
126003938
126003940
126003941
126003942
126003944
126003945
126003946
126003947
126003950
126003951
126003952
126003953
126003954
126003955
126003956
126003958
126003959
126003960
126003961
126003962
126003963
126003965
126003966
126003967
126003968
126003969
126003970
126003971
126003972
126003973
126003974
126003975
126003976
126003977
126003978
126003983
126003984
126003985
126003986
126003987
126003988
126003989
126003990
126003991
126003992
126003993
126003994
126003995
126003996
126003998
126003999
126004000
126004001
126004002
126004003
126004006
126004008
126004010
126004011
126004012
126004013
126004014
126004015
126004016
126004017
126004018
126004019
126004020
126004022
126004023
126004024
126004029
126004030
126004035
126004036
126004038
126004039
126004040
126004041
126004042
126004043
126004044
126004045
126004047
126004049
126004053
126004055
126004056
126004057
126004058
126004060
126004061
126004062
126004066
126004068
126004069
126004071
126004075
126004076
126004083
126004084
126004085
126004086
126004087
126004088
126004089
126004091
126004092
126004093
126004094
126004095
126004096
126004097
126004098
126004099
126004100
126004101
126004103
126004105
126004106
126004107
126004110
126004114
126004116
126004119
126004120
126004122
126004125
126004126
126004127
126004128
126004132
126004133
126004134
126004136
126004139
126004141
126004142
126004143
126004144
126004145
126004146
126004147
126004148
126004149
126004150
126004151
126004152
126004153
126004154
126004156
126004158
126004161
126004162
126004163
126004164
126004166
126004167
126004168
126004169
126004174
126004176
126004181
126004182
126004184
126004185
126004186
126004187
126004189
126004190
126004192
126004193
126004194
126004195
126004196
126004198
126004200
126004201
126004203
126004207
126004209
126004218
126004220
126004221
126004222
126004223
126004224
126004233
126004234
126004235
126004236
126004237
126004243
126004245
126004248
126004250
126004253
126004266
126004278
126004279
126004280
126004281
126004285
