126002555
126002556
126002628
126002629
126002630
126002631
126002632
126002633
126002634
126002635
126002636
126002637
126002638
126002639
126002640
126002641
126002642
126002643
126002645
126002646
126002647
126002648
126002649
126002650
126002651
126002653
126002654
126002655
126002656
126002657
126002658
126002660
126002661
126002662
126002663
126002664
126002665
126002667
126002668
126002669
126002670
126002672
126002673
126002674
126002675
126002676
126002677
126002678
126002679
126002680
126002681
126002683
126002684
126002685
126002687
126002688
126002689
126002690
126002691
126002692
126002693
126002694
126002695
126002696
126002697
126002698
126002699
126002700
126002701
126002702
126002703
126002704
126002705
126002706
126002707
126002708
126002709
126002710
126002711
126002712
126002714
126002715
126002716
126002717
126002718
126002719
126002720
126002722
126002723
126002724
126002725
126002726
126002727
126002729
126002730
126002731
126002732
126002733
126002734
126002735
126002736
126002737
126002738
126002739
126002740
126002741
126002742
126002743
126002744
126002745
126002746
126002747
126002748
126002749
126002750
126002751
126002752
126002753
126002754
126002755
126002756
126002757
126002758
126002759
126002760
126002761
126002762
126002763
126002764
126002765
126002766
126002768
126002769
126002770
126002771
126002772
126002773
126002774
126002775
126002776
126002777
126002778
126002779
126002780
126002781
126002782
126002783
126002784
126002785
126002786
126002787
126002788
126002789
126002790
126002791
126002792
126002793
126002794
126002795
126002796
126002797
126002798
126002799
126002800
126002801
126002802
126002803
126002804
126002805
126002806
126002807
126002808
126002809
126002810
126002811
126002812
126002813
126002814
126002816
126002817
126002818
126002819
126002820
126002821
126002822
126002823
126002824
126002825
126002826
126002827
126002828
126002829
126002830
126002831
126002832
126002833
126002835
126002836
126002837
126002838
126002839
126002840
126002841
126002842
126002843
126002844
126002846
126002847
126002848
126002849
126002851
126002852
126002853
126002854
126002855
126002856
126002857
126002858
126002859
126002860
126002861
126002862
126002863
126002864
126002865
126002866
126002867
126002868
126002869
126002870
126002871
126002872
126002873
126002874
126002875
126002876
126002877
126002878
126002879
126002881
126002882
126002883
126002884
126002885
126002886
126002887
126002888
126002889
126002890
126002891
126002892
126002893
126002897
126002900
126002901
126002902
126002903
126002904
126002905
126002906
126002907
126002908
126002909
126002910
126002911
126002912
126002913
126002914
126002915
126002916
126002917
126002918
126002919
126002920
126002921
126002922
126002923
126002924
126002925
126002926
126002927
126002928
126002929
126002930
126002931
126002932
126002933
126002934
126002935
126002936
126002937
126002938
126002939
126002940
126002941
126002942
126002943
126002944
126002945
126002946
126002947
126002948
126002949
126002950
126002952
126002953
126002954
126002956
126002957
126002958
126002959
126002960
126002961
126002962
126002963
126002964
126002965
126002966
126002967
126002968
126002969
126002970
126002971
126002972
126002973
126002975
126002976
126002977
126002978
126002979
126002980
126002981
126002982
126002983
126002984
126002985
126002986
126002987
126002988
126002989
126002990
126002991
126002992
126002993
126002994
126002995
126002996
126002997
126002998
126002999
126003000
126003001
126003002
126003003
126003004
126003005
126003006
126003007
126003008
126003009
126003010
126003011
126003012
126003013
126003014
126003015
126003016
126003017
126003018
126003019
126003020
126003021
126003022
126003023
126003024
126003025
126003026
126003027
126003028
126003030
126003031
126003032
126003033
126003034
126003035
126003036
126003037
126003038
126003039
126003040
126003041
126003042
126003043
126003044
126003045
126003046
126003048
126003049
126003050
126003051
126003052
126003053
126003054
126003055
126003056
126003057
126003058
126003059
126003060
126003061
126003062
126003063
126003065
126003066
126003067
126003068
126003069
126003070
126003071
126003072
126003073
126003074
126003075
126003077
126003078
126003079
126003080
126003081
126003082
126003083
126003084
126003085
126003086
126003087
126003088
126003089
126003090
126003091
126003092
126003095
126003096
126003097
126003098
126003099
126003100
126003101
126003102
126003103
126003104
126003105
126003106
126003107
126003108
126003109
126003110
126003111
126003112
126003113
126003114
126003115
126003116
126003117
126003118
126003119
126003120
126003121
126003122
126003123
126003124
126003125
126003126
126003127
126003128
126003129
126003130
126003131
126003132
126003133
126003134
126003135
126003137
126003138
126003139
126003140
126003142
126003143
126003144
126003145
126003146
126003147
126003148
126003150
126003151
126003152
126003153
126003154
126003155
126003156
126003157
126003158
126003159
126003160
126003161
126003162
126003163
126003164
126003165
126003166
126003167
126003168
126003169
126003170
126003171
126003172
126003173
126003174
126003175
126003176
126003177
126003178
126003179
126003180
126003181
126003182
126003183
126003184
126003185
126003186
126003188
126003189
126003190
126003191
126003192
126003193
126003194
126003195
126003196
126003197
126003198
126003199
126003200
126003201
126003202
126003203
126003204
126003205
126003206
126003208
126003209
126003210
126003211
126003212
126003213
126003214
126003215
126003216
126003217
126003218
126003219
126003220
126003222
126003223
126003224
126003225
126003226
126003227
126003228
126003231
126003232
126003233
126003234
126003235
126003237
126003238
126003239
126003240
126003241
126003242
126003243
126003244
126003245
126003246
126003248
126003249
126003250
126003251
126003252
126003253
126003254
126003255
126003256
126003257
126003258
126003259
126003260
126003261
126003262
126003263
126003264
126003265
126003266
126003268
126003271
126003272
126003274
126003275
126003276
126003277
126003278
126003279
126003280
126003281
126003282
126003283
126003284
126003285
126003286
126003287
126003288
126003289
126003290
126003291
126003292
126003293
126003294
126003296
126003297
126003298
126003299
126003300
126003301
126003302
126003303
126003304
126003305
126003306
126003307
126003308
126003309
126003310
126003311
126003312
126003313
126003314
126003315
126003316
126003317
126003318
126003319
126003321
126003322
126003323
126003324
126003326
126003327
126003328
126003329
126003330
126003331
126003332
126003333
126003334
126003335
126003336
126003337
126003338
126003339
126003340
126003341
126003342
126003343
126003344
126003345
126003347
126003348
126003349
126003350
126003351
126003352
126003353
126003354
126003355
126003356
126003357
126003358
126003359
126003360
126003361
126003362
126003363
126003364
126003365
126003366
126003367
126003369
126003370
126003371
126003372
126003373
126003375
126003376
126003377
126003378
126003379
126003380
126003381
126003382
126003383
126003384
126003385
126003386
126003387
126003388
126003389
126003390
126003391
126003394
126003395
126003484
126003485
126003486
126003487
126003488
126003489
126003490
126003491
126003492
126003494
126003496
126003497
126003498
126003499
126003500
126003501
126003502
126003503
126003504
126003505
126003506
126003507
126003508
126003509
126003510
126003511
126003512
126003513
126003514
126003515
126003516
126003517
126003518
126003522
126003523
126003524
126003525
126003526
126003528
126003529
126003530
126003531
126003532
126003533
126003534
126003536
126003537
126003538
126003539
126003540
126003541
126003543
126003544
126003546
126003547
126003548
126003549
126003551
126003552
126003553
126003554
126003555
126003556
126003557
126003558
126003559
126003560
126003561
126003562
126003563
126003564
126003565
126003567
126003568
126003569
126003570
126003571
126003572
126003573
126003574
126003575
126003576
126003577
126003578
126003579
126003580
126003582
126003583
126003584
126003585
126003587
126003588
126003589
126003590
126003592
126003594
126003595
126003596
126003597
126003598
126003599
126003600
126003602
126003603
126003604
126003605
126003606
126003608
126003609
126003610
126003611
126003613
126003614
126003615
126003616
126003617
126003618
126003619
126003620
126003621
126003622
126003623
126003624
126003625
126003626
126003627
126003628
126003630
126003631
126003632
126003633
126003634
126003635
126003637
126003638
126003639
126003640
126003641
126003642
126003643
126003644
126003645
126003646
126003647
126003648
126003649
126003650
126003651
126003652
126003654
126003655
126003656
126003658
126003659
126003660
126003661
126003664
126003665
126003666
126003667
126003668
126003669
126003670
126003671
126003672
126003673
126003674
126003676
126003677
126003678
126003679
126003680
126003681
126003682
126003684
126003686
126003687
126003688
126003689
126003690
126003691
126003692
126003693
126003695
126003696
126003698
126003699
126003700
126003702
126003703
126003704
126003705
126003706
126003708
126003709
126003710
126003711
126003712
126003714
126003715
126003716
126003717
126003718
126003719
126003720
126003721
126003722
126003723
126003724
126003725
126003726
126003728
126003729
126003730
126003731
126003732
126003733
126003734
126003735
126003736
126003737
126003738
126003739
126003740
126003741
126003742
126003743
126003744
126003748
126003749
126003750
126003751
126003752
126003754
126003756
126003757
126003758
126003759
126003760
126003761
126003763
126003764
126003765
126003766
126003767
126003769
126003772
126003774
126003775
126003776
126003777
126003778
126003781
126003782
126003783
126003784
126003785
126003786
126003788
126003789
126003790
126003791
126003793
126003794
126003795
126003796
126003797
126003798
126003799
126003800
126003801
126003802
126003803
126003806
126003807
126003808
126003809
126003810
126003811
126003812
126003814
126003815
126003816
126003817
126003818
126003819
126003820
126003821
126003822
126003823
126003824
126003826
126003827
126003828
126003830
126003831
126003832
126003833
126003834
126003835
126003836
126003838
126003839
126003842
126003844
126003845
126003846
126003848
126003849
126003851
126003853
126003854
126003857
126003858
126003859
126003860
126003861
126003862
126003863
126003864
126003865
126003866
126003867
126003869
126003871
126003872
126003873
126003876
126003877
126003878
126003879
126003880
126003881
126003882
126003883
126003884
126003885
126003886
126003887
126003888
126003889
126003890
126003891
126003894
126003896
126003897
126003898
126003900
126003901
126003902
126003903
126003904
126003905
126003906
126003907
126003908
126003909
126003910
126003911
126003912
126003914
126003916
126003917
126003918
126003919
126003920
126003921
126003922
126003923
126003925
126003926
126003929
126003930
126003931
126003932
126003933
126003934
126003935
126003936
126003937
126003938
126003940
126003941
126003942
126003944
126003945
126003946
126003947
126003950
126003951
126003952
126003953
126003954
126003955
126003956
126003958
126003959
126003960
126003961
126003962
126003963
126003965
126003966
126003967
126003968
126003969
126003970
126003971
126003972
126003973
126003974
126003975
126003976
126003977
126003978
126003983
126003984
126003985
126003986
126003987
126003988
126003989
126003990
126003991
126003992
126003993
126003994
126003995
126003996
126003998
126003999
126004000
126004001
126004002
126004003
126004006
126004008
126004010
126004011
126004012
126004013
126004014
126004015
126004016
126004017
126004018
126004019
126004020
126004022
126004023
126004024
126004029
126004030
126004035
126004036
126004038
126004039
126004040
126004041
126004042
126004043
126004044
126004045
126004047
126004049
126004053
126004055
126004056
126004057
126004058
126004060
126004061
126004062
126004066
126004068
126004069
126004071
126004075
126004076
126004083
126004084
126004085
126004086
126004087
126004088
126004089
126004091
126004092
126004093
126004094
126004095
126004096
126004097
126004098
126004099
126004100
126004101
126004103
126004105
126004106
126004107
126004110
126004114
126004116
126004119
126004120
126004122
126004125
126004126
126004127
126004128
126004132
126004133
126004134
126004136
126004139
126004141
126004142
126004143
126004144
126004145
126004146
126004147
126004148
126004149
126004150
126004151
126004152
126004153
126004154
126004156
126004158
126004161
126004162
126004163
126004164
126004166
126004167
126004168
126004169
126004174
126004176
126004181
126004182
126004184
126004185
126004186
126004187
126004189
126004190
126004192
126004193
126004194
126004195
126004196
126004198
126004200
126004201
126004203
126004207
126004209
126004218
126004220
126004221
126004222
126004223
126004224
126004233
126004234
126004235
126004236
126004237
126004243
126004245
126004248
126004250
126004253
126004266
126004278
126004279
126004280
126004281
126004285
